--- 
accept_00001:
  updated_at: 2008-01-11 23:28:19.277110 +09:00
  item_id: 1
  basket_id: 1
  librarian_id: 1
  created_at: 2008-01-11 23:28:19.277110 +09:00
